x y
4.013015638205639 20.832584451824985
4.60814784467934 21.597754431576888
5.330808381111691 20.237452245351285
4.0 20.0
4.86320450459664 20.917603338464087
5.543355597709441 21.682773318215986
7.796356093645595 21.385207214979136
6.733620010656844 20.535018348588135
6.733620010656844 19.472282265599382
6.5210727940590925 18.53707451256928
7.966393866923795 19.174716162362532
8.0 20.0
6.606091680698193 21.555244988257336
8.0 18.0
7.413771103769644 16.879206223106827
6.5210727940590925 16.284074016633124
6.0 16.0
5.628374484348541 14.838752943768421
6.095978360863592 17.431828986260978
4.6506572879988894 15.221337933644373
4.99073283455529 16.624149563189526
4.6506572879988894 14.20111129397517
5.24578949447259 13.818526304099219
6.776129453976393 13.095865767666867
7.796356093645595 13.73350741746012
8.986620506592997 13.988564077377418
9.836809372983998 14.753734057129321
11.112092672570501 15.136319047005271
11.664715435724652 16.284074016633124
12.982508178630704 16.709168449828624
14.470338694814957 17.474338429580527
16.04318809763831 17.346810099621877
16.63832030411201 16.539130676550425
16.76584863407066 14.92377183040752
16.51079197415336 14.24362073729472
15.91565976767966 12.968337437708216
15.022961457969108 11.267959704926213
13.917715931660807 9.695110302102858
13.705168715063056 8.377317559196806
13.492621498465304 6.464392609817051
13.917715931660807 5.189109310230548
15.192999231247308 4.381429887159096
17.318471397224812 3.658769350726744
18.933830243367716 3.658769350726744
20.804245749427917 4.253901557200446
21.78196294577757 4.849033763674147
23.227284018642273 5.571694300106499
24.842642864785176 6.2518453932193
26.50051115424763 7.229562589568952
28.711002206864233 8.717393105753207
28.0 8.0
29.603700516574783 9.142487538948707
29.433662743296583 8.207279785918605
28.838530536822883 7.527128692805803
14.085424113062217 12.490171408420574
13.789884291778419 11.308012123285378
12.84415686367026 10.00763690963666
12.84415686367026 7.820642232136546
12.785048899413502 5.219891804839112
14.321855970089256 3.8604086269336357
15.917771005021773 3.387544912879557
18.222981611035408 2.6782493417984385
19.346032931913843 2.8555732345687184
21.828567430697756 3.387544912879557
23.89734617968435 4.274164376730955
25.907016964414186 5.751863483149951
27.148284213806143 6.22472719720403
3.0322347970481274 21.47458197544807
1.4954277263723714 20.351530654569636
2.854910904277848 19.64223508348852
2.9731268327913676 20.528854547339915
-0.4551350941007033 23.12960497463735
1.5785442110641557 22.03286354158833
0.8789375609722195 21.1987171510941
2.1436111207537967 21.252533047255017
2.62795418620206 21.979047645427414
4.0 22.0
3.81190390174226 21.575428424220526
2.009071380351501 20.256938968278035
2.589286127821839 20.822382292132225
1.688902173736709 20.86330883549973
1.8116818038392268 21.3544273559098
1.9890301584317522 21.750050608462356
2.521075222209329 21.64091315948234
3.4760279007844668 20.95880410335724
3.5305966252744745 21.313500812542294
3.394174814049455 20.399474677334663
3.394174814049455 19.881071794679592
2.3164425053717994 19.66279689671956
2.029956701799258 19.75829216457707
2.070883245166764 19.335384549779512
2.7120657579243566 19.239889281922
3.762513704357008 19.362668912024517
4.076283870174553 19.676439077842062
3.5305966252744745 18.73512858038943
3.257753002824435 19.294458006412007
2.7802766635368665 18.89883475385945
2.657497033434349 20.194841960497136
1.1295727477141284 19.89471397580209
1.3887741890416658 19.676439077842062
1.2250680155716422 20.45404340182467
0.8567291252640891 20.52225430743718
1.7843974415942228 19.990209243659606
1.647975630369203 19.349026730902015
1.4160585512866697 18.871550391614445
2.3573690487393053 18.789697304879436
2.521075222209329 20.52225430743718
2.220947237514286 20.822382292132225
2.575643946699337 21.313500812542294
3.1349733727219173 21.054299371214757
3.0 20.0
2.7574632461000785 19.83500481353783
3.1840148013600067 20.33538259951582
2.3391146053643803 20.163121394507
2.2816942036947743 20.532252548097325
1.822330990337929 20.638890436912305
1.436794007699148 20.794745812872666
1.289141546263019 21.24590611170528
1.5 21.5
1.0266482814876787 20.925992445260334
1.6172581272321944 21.131065308366068
0.9988859162864147 19.21738555891366
0.9707667352861847 19.73759040741791
4.762267482478544 20.635703066791102
5.736362332796744 21.11281074857961
6.571300775926629 21.17244920880317
7.247203325127012 20.933895367908917
7.4062392190565145 20.238113331967348
7.386359732315326 19.363415915355088
7.2670828118682 18.607995419189955
7.127926404679886 17.812815949542443
6.730336669856131 17.295949294271562
5.259254651008238 16.341733930694552
5.23937516426705 15.327880106893979
5.378531571455364 14.512821150505282
6.2134700145852495 14.135110902422715
5.815880279761495 13.498967326704708
7.0 14.0
6.4917828289618775 13.618244247151834
8.14178022848046 14.43330320354053
8.837562264422033 14.751374991399535
9.47370584014004 15.129085239482102
9.871295574963796 15.506795487564668
10.726113504834869 15.884505735647235
12.555026285024141 17.117033913600874
13.052013453553835 17.514623648424628
13.648398055789468 17.713418515836505
13.867072409942532 16.957998019671372
15.0 17.0
15.715864676872993 17.017636479894936
15.874900570802495 16.123059576541486
15.934539031026059 15.40739805385873
15.755623650355368 14.43330320354053
14.940564693966671 13.22065451232808
14.741769826554794 12.008005821115628
16.0 14.0
15.383883852775803 18.094404586318948
14.56343123719376 18.25849510943536
5.983841028535821 16.8988879178994
7.484097239885843 14.836035627293123
8.492081881886639 15.257982686735316
12.266163913564037 16.14875981222439
11.680126331005436 15.79713726268923
10.67214168900464 15.304865693340004
12.172397900354662 17.438042493853317
13.930510648030468 16.594148374968928
14.704080257007824 16.734797394782994
15.126027316450017 16.242525825433766
15.383883852775803 15.328307196642347
15.055702806542985 14.460971574455618
15.71206489900862 13.523311442361853
15.290117839566426 12.46844379375637
17.001347580637546 15.703371249479854
16.737012619115717 13.29336411391588
16.575019026581355 12.78038440422374
16.0 12.0
14.199113002744074 10.404478380386461
13.362146107983213 10.9174580900786
13.416143972161333 9.75650401024902
12.628633066041179 8.764484566738743
12.0 8.0
12.14112631463347 6.589454445073578
13.416143972161324 7.339464831854669
13.266141894805106 3.889417052661649
14.728662149028235 6.214449251683032
14.841163707045398 5.314436787545723
15.253669419775 3.026905107863394
16.603688115980965 2.8394025111681214
20.691244723937913 3.4019103012539396
22.716272768246863 4.526925881425576
24.74130081255581 5.614440942258159
27.891344437036395 7.339464831854669
13.191140856126998 26.427229175433443
12.14112631463347 25.227212556583698
14.0 26.0
14.878664226384453 26.95223644618021
13.716148126873762 24.852207363193152
15.103667342418781 25.114710998566533
15.328670458453109 26.16472554006006
23.841288348418498 13.527050522798673
22.94127588428119 11.764526113863107
22.153764978161043 12.5145365006442
22.903775364942135 13.114544810069072
23.653785751723227 12.43953546196609
24.066291464452828 11.239518843116343
24.778801331894865 12.364534423287981
22.116264458821988 11.12701728509918
23.091277961637406 10.527008975674308
4.228516734092951 7.076961196481287
3.1785021925994226 5.801943538953432
4.041014137397678 5.426938345562887
5.353532314264588 6.064447174326814
6.816052568487717 6.101947693665869
5.991041143028516 4.9019310748161224
4.716023485500661 3.7769154946444856
3.666008944007132 4.301922765391249
4.978527120874043 4.7894295167989585
5.278531275586479 7.114461715820342
23.691286271062282 24.36470061178544
22.67877224890781 22.264671528798385
24.066291464452828 23.277185550952858
24.066291464452828 22.564675683510824
25.266308083302572 22.86467983822326
25.15380652528541 23.68969126368246
25.191307044624466 24.58970372781977
26.80382937620381 23.83969334103868
25.453810679997847 22.152169970781223
3.2535032312775316 27.252240600892645
2.765996479869822 26.127225020721006
2.390991286479276 26.914735926841153
3.8910120600414597 26.689732810806824
1.0784731096123656 10.189504301622817
0.6659673968827652 9.101989240790234
36.253960249645566 6.139448213004923
33.92892805062418 5.314436787545723
34.9039415534396 3.81441601398354
37.60397894585153 3.7769154946444856
37.866482581224915 5.2394357488676135
36.51646388501895 2.801901991829067
36.1414586916284 4.63942743944274
34.60393739872717 7.189462754498451
36.178959210967456 8.91448664409496
